ra dec z
247.21776900602217 25.597781603742483 0.04083067923784256
213.324895894423 43.0186249699216 0.013429311104118824
318.3042481077502 -0.366553265763487 0.02043907158076763
259.53432413729126 56.73071221840958 0.02770909108221531
240.50800769084185 15.677708103452426 0.032056428492069244
155.83390685656238 41.39452222921626 0.05146477743983269
179.88111026116113 -1.002677719409676 0.04739953204989433
230.16767233111423 7.972027982265441 0.04862667992711067
12.75611992049017 -0.3805938457291839 0.054849039763212204
28.621052880258585 -16.707203231058884 0.03998105227947235
241.4298613682327 16.407377731662933 0.04267929866909981
123.01650884250333 5.475090176025112 0.029944445937871933
127.85579270451547 56.97970311518528 0.04671110957860947
241.85551394369534 15.737132820116685 0.03874720260500908
247.3612648543688 29.541133337698696 0.05304493382573128
137.75558966596645 46.98669549098133 0.033821821212768555
275.0103675609291 64.31488428319645 0.02787932939827442
175.40211581075997 59.61575158944844 0.048500485718250275
136.21111317362514 13.721815474799845 0.030664118006825447
192.38282075278468 25.996366699588393 0.035057101398706436
232.41545969919105 40.55894987939543 0.035940639674663544
186.0323275382433 9.383734106349252 0.02549201250076294
243.62492724131124 20.901190389610584 0.05458474159240723
254.51191095160522 41.83782143921793 0.037558987736701965
140.74625545553724 43.261810902021615 0.0405733548104763
157.3864780716616 22.17003106931585 0.04256254807114601
51.68905226660486 -0.3630349929092084 0.05471622198820114
324.13947491262235 0.37126155473511735 0.05061981827020645
172.0759366743463 20.611958452727702 0.03472492843866348
168.11462216448749 7.685573866072688 0.048109229654073715
135.65654872668006 49.91482530534642 0.03705267980694771
124.50686752052995 56.47697949525259 0.02982652373611927
171.0327254371497 26.564518145451213 0.04766371473670006
15.746802254674082 0.43060297464142877 0.042247675359249115
159.0418139800576 50.5385333141816 0.046964045614004135
21.5885373458708 -1.3143673591655562 0.016771627590060234
127.38841907228417 48.79463283961508 0.023463064804673195
170.59543005631775 -2.5917538888888108 0.024800000712275505
236.25496603295338 7.231142277916651 0.02656540460884571
170.3508632722684 34.20802878591878 0.04405250772833824
42.9884866593304 0.6566812376158808 0.029667561873793602
119.77963523139394 52.74722894944969 0.0191813874989748
204.98258249712302 27.392028592599637 0.03469964861869812
161.0081854551064 58.19726900569923 0.04655073210597038
151.34622552478095 19.271903325002402 0.012815787456929684
144.3521569804655 42.97572044153957 0.027153361588716507
316.44338240216973 9.26910567903918 0.04532301798462868
248.51201588369406 11.574905024366137 0.05132376775145531
37.923066514339695 2.798887765986156 0.027489058673381805
166.5522769538223 23.329489326763152 0.026777008548378944
182.55808268948437 52.84892768089111 0.035164929926395416
163.48001381194655 62.489023268555414 0.01593969203531742
245.11120070219903 23.01068326924661 0.03801178187131882
195.39685162439588 28.14705497461733 0.01759234443306923
219.6603049920532 28.749185416612722 0.046355679631233215
248.42286944014637 32.76571356448338 0.014727961272001266
203.65269805426092 17.72348753972433 0.028064033016562462
13.141571640180073 -9.61709462790746 0.014851508662104607
146.6305578626706 24.581712115369765 0.03361477330327034
221.03838697406394 27.594174664017096 0.031160440295934677
140.65580093352017 21.95740418548221 0.026021307334303856
161.96809950297498 12.682833347870698 0.05447344481945038
184.8687849137053 6.272885727427106 0.0051676370203495026
155.94793570644802 19.177158066192984 0.026768647134304047
11.503641830680984 29.95957407570346 0.01596773788332939
167.76448967403007 26.77803159382213 0.0345274955034256
249.79757489713597 0.9027922167076077 0.03250279277563095
31.76238949542136 -0.8288672236576645 0.044107481837272644
120.05264672285091 34.40792776299996 0.054673802107572556
137.72541605540155 19.51881659161864 0.029206831008195877
229.0086735567998 19.598465878348865 0.049138665199279785
225.38273894386117 29.337192928834625 0.032799407839775085
193.7948622192428 -3.3974369332787764 0.004950098693370819
141.9814925174124 48.08208512685034 0.027522124350070953
188.25209909393055 32.86784316498294 0.030445070937275887
206.2005381927697 31.440842467002778 0.042872801423072815
146.0952993133329 29.689867680830528 0.03197076544165611
241.53670129576668 15.786273590837183 0.040113165974617004
189.53202339441808 22.698581765119823 0.023224255070090294
149.34328655025462 58.99133937080677 0.009956815280020237
139.27232055280376 25.429621191093478 0.005511172581464052
243.2497245929614 30.839413557375114 0.022524727508425713
50.537823549609165 41.45074615766034 0.020880384370684624
225.58491633667737 10.655820972990169 0.03388666734099388
214.654521426304 -0.890381499013837 0.04833684861660004
150.66794283912355 32.784719223709125 0.048604682087898254
164.77600995678367 55.6449181022711 0.048576489090919495
204.94475274341778 2.626413855407476 0.0240437313914299
216.06847004069937 52.53564117116556 0.018613966181874275
210.82888118068013 7.505324043415233 0.023186612874269485
216.52491614730332 59.88607952725449 0.05102862790226936
154.73694077988048 28.6135850816375 0.050590045750141144
186.66173087005475 44.239688099590126 0.04780348017811775
204.1615121171519 61.49328347996972 0.03576696291565895
199.4424603107549 33.83756780907459 0.03723407909274101
349.3649525950077 7.631565797454075 0.012915621511638165
243.07340235584644 28.429546384373538 0.05313786119222641
151.7590819715587 37.13431187367136 0.05234374478459358
208.5367429596387 30.88594109895502 0.042416006326675415
139.39028175205976 16.85544589429648 0.02853180281817913
218.35138230554773 4.450447700212799 0.005279040429741144
230.07962894218994 3.9834327425859075 0.05134705454111099
196.380597526993 48.29390461213741 0.035460636019706726
197.37762533786807 62.16283847025234 0.027409370988607407
144.54518481501756 3.078916749037206 0.022042153403162956
144.54664705984368 26.736484456606 0.04294741153717041
234.58846039856172 33.18476649238561 0.022045176476240158
231.48044147812064 14.251125625711905 0.046833958476781845
121.5714115891632 45.77866068403096 0.019224511459469795
193.5826584971612 7.690261939992802 0.0520256832242012
161.96090013593758 57.970687358962174 0.04721309244632721
222.8483629735322 51.476163924932756 0.03531566262245178
154.77175674208348 19.345719768214394 0.028052782639861107
49.50068073525094 -7.296675900435312 0.017095664516091347
132.1931587583655 18.090062869178343 0.01431731041520834
155.32271887728086 23.745739539853258 0.0395609475672245
190.5450781577884 4.112638526512824 0.04724026843905449
236.0612930677316 22.209209991514296 0.04124925658106804
167.91263389015336 26.311164523718624 0.038135576993227005
197.91243197178514 34.63661822857438 0.037432778626680374
242.04239403072654 38.824968344310506 0.037762418389320374
345.27072994469944 13.834779716988177 0.024462074041366577
238.4834152703625 9.37774557465818 0.04559902846813202
118.00016019278503 50.158135746943884 0.02436562068760395
227.01160999012728 40.251993138145245 0.031522974371910095
229.4754554583941 20.838070575821668 0.04018189385533333
199.2084102009303 38.7189024354659 0.053898245096206665
195.70646812402026 9.283175611073263 0.034968651831150055
46.010565633842916 -0.4180281843129468 0.028227973729372025
224.50930405943674 10.298130172761873 0.04980504512786865
355.57410078182517 -7.931449501405253 0.006908122915774584
170.33467881039803 36.704588817723305 0.047612447291612625
128.81926716130732 19.22521674431068 0.03663239628076553
146.0975911963297 12.32880281888804 0.043547533452510834
193.87135398179063 38.944023908304715 0.04361174628138542
143.28422088771694 9.185017726999849 0.05057140812277794
136.3633286052794 50.96550849821232 0.05440510809421539
228.71561224644995 0.6998362252388152 0.03787635266780853
159.28105839015706 39.77749194822493 0.03867252916097641
183.89958981921203 5.870621053479851 0.023478785529732704
218.98181479779942 36.71956102677689 0.013674898073077202
131.80869623250763 1.3624069399766132 0.03982769697904587
227.1651077461257 2.9723262801409995 0.04596900939941406
240.39197405319544 1.707827873296909 0.00642779003828764
173.4083576095554 54.90842459855067 0.027125174179673195
247.74655785029728 34.93637714383455 0.032668448984622955
148.18810975324902 0.7516315075969838 0.02616739273071289
358.30211175555957 28.28351120378044 0.02331950142979622
215.52825837651167 26.996857336774127 0.029729871079325676
313.57074209244337 -1.2491779649637247 0.04744461551308632
127.34375571020998 43.35869103276582 0.031117437407374382
191.44273842972095 1.7080341559722685 0.04756487160921097
169.03892327719083 0.5735690572069778 0.028923053294420242
228.67511064414654 8.58270379919249 0.03355998545885086
325.6128909923964 -7.405752027771694 0.053272344172000885
250.81340708181256 24.685454349839883 0.044051337987184525
173.49621741627337 49.21189357578903 0.03159857541322708
121.30043005436129 -1.5574335083770219 0.046792443841695786
154.81630445487167 9.112505412258713 0.050588931888341904
172.95301510765472 1.7594992186836205 0.0469992533326149
245.0385994810276 42.06656513467549 0.03480241820216179
349.0579790745499 0.3076044647017725 0.03033352643251419
196.88658404006068 3.1708476472252967 0.03821061551570892
128.3766000027966 21.084439001667786 0.04238336533308029
247.0864914762759 32.81062653288244 0.03367334604263306
145.97598336238212 52.07213086980554 0.04567274451255798
123.30484892854989 45.994682327633065 0.0014377107145264745
170.52811987140214 33.0378985086098 0.043334417045116425
212.48848839988023 12.15786956863725 0.023022489622235298
119.69915786891067 12.864765149087171 0.035194315016269684
224.6207174466476 3.406987314349214 0.043648861348629
213.90761966670289 27.051588441702982 0.05431050434708595
231.36426550334562 44.46644847089498 0.031874001026153564
166.17000805715696 33.20969123613814 0.045026227831840515
194.44870968088136 36.37069831600832 0.015093796886503696
237.7993372807253 21.942648755140283 0.025966158136725426
148.3806857279025 24.240411799638363 0.03490787744522095
273.9927743456168 13.78533296563628 0.009963574819266796
243.44903046739927 29.153172344254898 0.03054322861135006
240.3854621345048 15.472315877478454 0.038379374891519547
232.82208196981384 -0.3462593044887686 0.038165003061294556
141.4656702856104 66.1690938700129 0.005640765652060509
185.18548500435332 58.222790239026956 0.04429420456290245
220.7020977622559 6.65677318559138 0.027875110507011414
222.27899263216088 61.79099505851828 0.010006177239120007
46.693719050192996 -0.3212358850530077 0.04000106826424599
180.90019982707557 8.388410967561471 0.02015242539346218
355.5347438202151 -3.500224667719916 0.022849176079034805
226.92058343401462 7.889002163416394 0.04110248014330864
219.2889444837895 51.66986869364478 0.044662583619356155
172.52838723694725 -7.0992758097435065 0.030624566599726677
242.79662931204433 58.17767134065865 0.05378395691514015
261.11817347800223 24.971724083471926 0.014136468060314655
153.36957499035114 49.83595459203405 0.050793133676052094
143.75840830176415 9.92006755235202 0.04959999397397041
153.72069449796146 12.578045922425002 0.0412692129611969
171.9064520785053 47.41080114156017 0.0406913235783577
238.5638444439989 10.969432044697673 0.036082182079553604
325.0097543597501 1.207519799188958 0.0505417101085186
159.90108992299002 7.959848199052027 0.03268151357769966
195.33609940859122 39.916703329832636 0.03682674840092659
169.85447071498172 -0.9083279971474477 0.05017944797873497
170.4097824199414 2.9152629804760344 0.04705039784312248
173.91166306064457 1.3575596551671043 0.017845457419753075
159.04469148522824 -3.0308501280633804 0.037285853177309036
19.022352309466857 13.907457392691345 0.04681749641895294
172.0345350723639 0.8693289786021112 0.04032796248793602
348.832760080942 13.728197417610064 0.041047148406505585
156.04546791875632 15.45631108838627 0.05283132940530777
166.2685526371913 59.66604061012497 0.03323677182197571
50.927246670837995 -0.11071285050436268 0.05240983888506889
12.006298556019486 8.297081058206592 0.01759219728410244
201.10602285107794 42.94409029071277 0.026997871696949005
255.37597119660154 30.167557957386432 0.0358315110206604
189.19155258843404 32.115746434253644 0.023628054186701775
225.19061543330443 12.60255559713493 0.028012149035930634
211.1152651848466 57.28040157472476 0.05215809866786003
31.833968019468767 -8.065871623175827 0.047961242496967316
20.433531882168754 14.608123164147568 0.05394364893436432
202.96490142230226 12.809303425377683 0.043182242661714554
161.7334039886502 37.384624699480675 0.02439691498875618
210.85691345951363 63.78038805946002 0.0367790162563324
208.2878815295509 40.32370361627436 0.008972887881100178
148.94683884202942 40.77644404496612 0.04567361995577812
226.44125760745666 7.670804218867321 0.037925880402326584
240.75783867354153 19.067580892922965 0.04668720066547394
201.03798674644065 10.690962078487921 0.040133845061063766
132.79186806692906 18.800127851724298 0.045317284762859344
198.7588556536762 0.452799377094761 0.047160711139440536
131.78943110936618 56.04921462175205 0.04310855641961098
131.47714205355174 51.753046067170445 0.014018935151398182
188.80537334350942 26.49600184575452 0.020716531202197075
162.48480276369264 -0.6359502451355326 0.037799540907144547
204.55647224838182 6.465754283344809 0.02382745034992695
212.27569246743386 0.18881224145549153 0.05367541313171387
22.88158729567706 14.461282628732587 0.03614836931228638
250.55241568308045 22.4063294554085 0.01714913547039032
176.52743431176745 49.8013668560999 0.03259575739502907
121.7065773669454 32.48410603250082 0.04913579672574997
217.8524415694005 1.2343976471852234 0.029996758326888084
178.52762682028956 25.567418543558386 0.020766975358128548
187.87070347622375 17.04597963373264 0.04581321403384209
239.10207998292356 42.39547923403623 0.04070822522044182
328.8017395102927 0.9852252424061086 0.03497559204697609
199.864755870428 11.436125892911914 0.05204685032367706
19.647475957782362 1.1665517169788922 0.043881990015506744
160.8795246694884 24.922499773458043 0.0019546886906027794
226.19681233216406 8.171217967211023 0.031394489109516144
244.3323062897949 61.9392113036659 0.013289214111864567
158.45614708347856 18.88051714973403 0.054524026811122894
229.78373056329494 3.2976058106536024 0.04656355455517769
159.7882103599434 10.60180608946394 0.03280554339289665
201.5392801247647 26.7701171478041 0.037140846252441406
131.27559627055726 44.588729263721895 0.053890377283096313
178.76746272589645 28.34791861463696 0.0016760623548179865
225.48783936605247 49.72838899797359 0.04868120700120926
183.70179607874144 23.720305205031178 0.05244804546236992
212.37513102660938 25.116523564534816 0.03483281657099724
167.75336197577704 26.888472623835984 0.03426355868577957
155.11014219376182 40.87810164657696 0.003875596448779106
120.39341868340965 12.084321466512337 0.015033785253763199
129.56385813266388 30.207675634418674 0.04926508292555809
126.43567317344856 47.7843457407648 0.04879876226186752
193.2133160571056 17.74873980604019 0.02159520797431469
146.08802472257213 39.83318365504164 0.04118951037526131
249.89216722457002 32.54574488871507 0.05191837623715401
2.675436102234576 -0.9095526416440733 0.038752537220716476
3.3326328949706534 35.30856753473487 0.046682365238666534
184.98533626537997 28.55534745894754 0.008578403852880001
244.92507034567507 25.590083300103984 0.048461638391017914
180.56593785380701 15.45037778640549 0.04316462576389313
183.35322231927432 21.668932476989536 0.025419360026717186
194.6890214200109 9.152501833737814 0.046295300126075745
257.17281160341736 22.201483451313358 0.04368642717599869
225.64988695623558 48.462448569217 0.026054322719573975
356.05347307499653 2.2770703663692724 0.021484896540641785
182.76230070823374 40.47508044384465 0.03715639188885689
139.37972263574477 33.475530186720675 0.02206466905772686
245.2533850348279 21.168345226939522 0.030915454030036926
185.2277480555247 48.57997984559756 0.05377708375453949
20.099699618894082 5.827888082890252 0.007208331022411585
323.5846306158634 10.582366179118381 0.03939461335539818
144.35225493502617 48.51557021408208 0.02434910275042057
146.31340260899324 34.71225942218379 0.04087229445576668
215.9113694427339 9.116555656903435 0.024863941594958305
155.0401509125581 13.329645751806007 0.02869553118944168
137.47374294427868 36.870776287756215 0.030484993010759354
27.890243211272825 33.21650714833599 0.03391684964299202
6.812382219642455 0.8548088145535028 0.04479658603668213
170.53084849568265 34.366318214056086 0.03417724743485451
177.05441328704828 21.494507582454606 0.024425650015473366
246.52718394569422 -0.6793769146883137 0.048703767359256744
126.55472077463895 4.595349804134025 0.028383012861013412
221.10032257112604 23.814012178424374 0.03963514044880867
202.9334638294584 14.236795483992815 0.04425979033112526
163.8290395861424 -2.015885993456581 0.05142565444111824
156.72680460308638 18.102964898430997 0.04430895671248436
196.08396448474397 42.190840118929195 0.036695417016744614
123.59951053061108 9.791639185314867 0.05437306687235832
250.1990906661204 33.93087247529942 0.036653392016887665
220.16233854175428 61.800678496383206 0.048517994582653046
202.31870245474622 12.489345338053566 0.024430377408862114
47.2307829417433 11.901499217875026 0.02512742206454277
202.46817373427254 25.576979745767403 0.0466168150305748
199.93644514934232 33.28057582225619 0.036172978579998016
140.51845788822916 26.996695690651134 0.04456138238310814
117.09233893248576 41.74040167447631 0.027990661561489105
176.45438161630636 13.766688674663449 0.010627368465065956
29.65718650784634 -2.7641395829252917 0.029280301183462143
211.55580653615067 -1.1452460278732775 0.05319688469171524
168.94780155620523 50.40163530704427 0.047306813299655914
189.91392362691417 44.82212948323199 -8.48704730742611e-05
232.62788665456392 -12.603446089340803 0.02115800231695175
178.47498887886633 13.278111653813971 0.02446606196463108
248.86648883617335 22.421891524013667 0.032603371888399124
168.23874037294934 18.761563529271754 0.0028338723350316286
226.07549292819783 21.614243274852104 0.048354730010032654
327.4273276943003 13.361853275001831 0.03812309727072716
227.0566524729293 10.25104527942984 0.034915294498205185
242.928973565683 14.096442062904927 0.032355062663555145
6.718002897709865 23.52032304318315 0.02323944680392742
219.2556189252424 17.014161369485734 0.04059614986181259
132.48610435067536 25.684107625934296 0.008042965084314346
1.6439979842230383 15.809019578889012 0.05425623804330826
199.53178419139894 24.741923160013354 0.009318347088992596
314.63697297069814 0.8590235259358874 0.04806211590766907
160.85653169470564 19.060441391519543 0.049088165163993835
190.06957454420217 -14.386833611817762 0.043049849569797516
131.5449456237983 27.909949500065146 0.050607454031705856
197.5328808474631 2.606604827052128 0.046808503568172455
225.21757634579637 12.59280123076109 0.028544902801513672
234.765369692087 31.197937428127315 0.05396028235554695
5.708413285151434 24.152376491740945 0.04188237339258194
121.33845729207356 17.02173417583338 0.038820501416921616
164.1150608305039 43.49651271988302 0.050850123167037964
222.56285449053362 27.793903389079965 0.030352767556905746
124.53979863999926 58.09266661620477 0.025000667199492455
167.97941015583206 57.02639013702934 0.04714473709464073
192.29923541772976 27.385080696726167 0.020870229229331017
170.39870418453444 18.458546756081915 0.017870301380753517
40.845460776036965 -0.9267005561579503 0.053882159292697906
119.24294715138329 5.608963632183506 0.03397355601191521
239.55156976580392 19.57971069956302 0.047292560338974
202.51310659031859 12.934810386218043 0.023189174011349678
219.88785905687342 9.482714099992416 0.051559511572122574
229.56413776578415 27.400314667616446 0.054997965693473816
231.53921998362517 0.7903126870835268 0.05062210559844971
164.54457158637527 46.393079884679274 0.039407990872859955
240.48256980335452 44.97176062669269 0.03879241645336151
149.18076989266265 11.880784609187964 0.04501065984368324
244.51284318129717 50.609591817034655 0.0468490868806839
258.658090223121 29.520551095513387 0.04476631060242653
29.691650857621553 5.525290697777959 0.02239886298775673
241.4697729234975 12.592194903157841 0.04812975600361824
148.70483486249103 10.730593159340364 0.04029392451047897
119.36641528588738 35.72121350576809 0.013886294327676296
263.90468118236345 34.92016717149623 0.04757631942629814
183.71684058633906 41.25639547459805 0.03769787400960922
33.09271348073843 0.8911381898921797 0.04797077924013138
256.4620653380214 32.97538853645116 0.031392183154821396
195.32289144067354 11.353093933542986 0.053514428436756134
205.522900571038 23.593231013475634 0.027701513841748238
167.76247160324974 2.498281410172517 0.03942623734474182
229.17650759634475 36.61392645965756 0.022852346301078796
241.2317180824221 23.969612088150683 0.031068723648786545
10.45559576887995 -1.0281745093991697 0.019137730821967125
232.2286652685993 56.46483311431242 0.04891007021069527
195.86357964807 40.424436225806105 0.035092342644929886
214.40745769214942 24.87565981869642 0.05006609484553337
119.13534477081754 52.66951641035942 0.04177161306142807
151.54589695719883 37.98414568784187 0.02152644656598568
139.46846653327663 54.88381007517966 0.04486474394798279
202.6815064654635 33.838437651500875 0.039806343615055084
247.90219603926624 57.706501664653366 0.018269333988428116
184.68935917863286 24.68013405616841 0.05466413497924805
137.8022455574275 51.806187608755494 0.03921596333384514
181.60818685037066 23.550591144820544 0.04870770871639252
205.52087553432233 0.7182942546556673 0.022655772045254707
243.21123264958007 39.6138962463226 0.03782154247164726
182.50472193493445 58.27563994753399 0.033619631081819534
50.07952055200524 0.5019117007888031 0.023399051278829575
232.30891760664122 30.88187067148012 0.054100845009088516
155.58699884419093 -2.651628028361457 0.052329614758491516
40.862790200713675 -8.109336162129903 0.03107689879834652
44.56245129831362 5.916850789347549 0.021484896540641785
183.40742565961787 1.0629381142487369 0.00510020274668932
179.0588363685349 31.30368517329342 0.0024483641609549522
216.94754694607528 14.56778199132968 0.051308512687683105
102.99475781361637 27.578377045975298 0.04055478423833847
182.4758372303578 58.42623863091138 0.049767907708883286
125.290600760015 17.00315509359193 0.044197820127010345
247.28475961359433 8.090353109010522 0.02977731265127659
199.00948972827635 63.81453384224672 0.03724559023976326
217.24986709690145 26.796128746687735 0.014772560447454453
306.60958767060526 15.017946816191092 0.028373004868626595
14.770153732660946 -7.088845827799069 0.028169531375169754
173.62864697275572 35.640680006088864 0.03874380514025688
232.58264654601868 -1.765923267734447 0.03784921020269394
232.9483660536468 7.308177605271951 0.0336499959230423
116.35343308789282 45.837394722991675 0.031313277781009674
142.03364152656172 12.808682466952769 0.02808378078043461
157.74517890899406 35.31690599072783 0.04427006095647812
234.09565310915573 12.127537927489476 0.05139396712183952
139.0842237303352 17.793178154976534 0.02878156676888466
210.54731223705198 33.65839083960835 0.033943239599466324
214.79025150330747 -19.47794028513942 0.035801488906145096
156.04661118513314 20.560311785108127 0.04177670553326607
263.01240180315574 59.98193678017919 0.02914416231215
192.75186317535562 63.40897044832483 0.04852106049656868
116.60942728628888 43.2046431272445 0.0420297235250473
349.5281849936931 0.2187484143888862 0.028910908848047256
247.96678139582698 13.538763259434866 0.0532355010509491
162.21644901794545 37.91480917988999 0.03725788742303848
197.9774893826761 38.39348684673807 0.053461235016584396
255.34322550091036 20.315290811524374 0.03522484377026558
168.03362959681215 27.575920902278984 0.03462827205657959
28.18234476127954 33.66382071871325 0.04599855840206146
1.3078601579186755 6.772017887429913 0.020984549075365067
227.05775479413916 6.8150781105300595 0.04580231383442879
193.60205070253136 9.434029843971675 0.044914789497852325
257.75658242992785 22.732987352179588 0.04937643185257912
157.9932605579759 -0.7778816155827168 0.0469529964029789
231.2399882677871 40.25015331864241 0.03199804201722145
144.69685925699153 34.917103725670714 0.041892051696777344
315.59957983105096 0.18656846593707513 0.05120177939534187
229.71380178816594 6.435887953993898 0.0338701494038105
192.23221010222613 41.77899596324213 0.039522167295217514
17.674081744759597 3.6141567182591694 0.017635561525821686
197.98352317114094 11.096915781976032 0.03140469267964363
227.17583481307045 46.90703477537416 0.006428319960832596
244.05033167943924 42.399811571802864 0.023163335397839546
187.47904658202174 47.02044189496852 0.040447480976581573
344.5419433027205 14.308513673159043 0.007000632584095001
145.53981357815422 40.218842881176855 0.018164584413170815
30.816764834458617 -1.0403253543143482 0.04180923476815224
196.22668998355854 49.65890688607731 0.054159458726644516
209.67043480811805 24.501734625641774 0.037052832543849945
148.2206292620451 41.25327801688298 0.045158229768276215
6.5807695180717936 0.008994123750523145 0.04493672400712967
224.75948287429927 49.394366390730816 0.04863898083567619
133.45255849530614 57.17190685312767 0.03903501108288765
349.7791021473792 26.152657800544038 0.0185595341026783
152.2174573534135 32.53842360454476 0.019783049821853638
146.36247755544963 7.43247893346719 0.04695739597082138
191.4364573060318 49.96547854568858 0.03971221670508385
233.04088714689286 9.703653013822738 0.04360098019242287
351.63667546222877 18.26601780668396 0.00533703388646245
223.54553121101827 15.938857948903722 0.045424677431583405
125.47712243347414 3.7129804090812826 0.030609874054789543
211.0247278547692 34.51370254026059 0.02703913487493992
226.43252988276893 56.39249236591994 0.030140329152345657
127.10636995412257 40.63058886488669 0.02456727810204029
155.62780817401736 17.66544220212848 0.03926732391119003
245.45438925372264 47.05210657162914 0.02950596995651722
162.75718466850637 8.473480359239147 0.021741488948464394
153.6193937908024 15.902493769078609 0.010163947939872742
156.27481813912303 34.87590152943251 0.037313032895326614
142.58655688865844 23.6343546478015 0.02150345966219902
195.07253676489805 27.71145541912281 0.023999974131584167
229.13546594614215 12.754201343885148 0.028276352211833
22.4424847496207 32.0211649630278 0.02113465406000614
52.50156570248607 39.059570634847184 0.01870296709239483
210.87386741321922 19.21017356264298 0.05239075422286987
158.35102899695056 33.20487210434026 0.04247239977121353
349.68127075761913 -3.0056169740168355 0.03133172169327736
163.8159523203029 -0.9281124766065647 0.05176415666937828
155.57365292073433 13.700732032874352 0.043990910053253174
123.08204347943504 54.29600556109045 0.04297223314642906
347.51165129348146 -8.69992000307856 0.023489536717534065
0.008884753561726225 15.881732391326464 0.020016837865114212
1.9277582961736814 15.186890141448375 0.04456108435988426
225.87947354007613 14.8131290980666 0.036132603883743286
137.82632793714055 34.71601999537515 0.027112169191241264
2.1660710367424327 -4.27069738178741 0.02100122720003128
201.6310012703775 33.183496764628195 0.023847773671150208
196.08367953264525 2.715198161474513 0.04166800156235695
207.92679035996457 16.460886883892517 0.03481190279126167
31.431856440272387 24.23412697419955 0.0422426201403141
18.33238035796966 -10.468778897407363 0.022756502032279968
225.62232250343445 19.14084469614068 0.0511774867773056
238.2001380905242 53.64340752682482 0.04003409668803215
199.56974259297246 48.63986932375669 0.03578043729066849
208.03482827552898 14.116207869918453 0.022678084671497345
187.84597475109393 25.913633756084852 0.023157447576522827
139.62310843098496 25.96846090886333 0.024825934320688248
110.81690547930944 32.49532429628176 0.015107140876352787
174.17533946791718 22.04639867003833 0.030822928994894028
171.14879414315706 47.614020285583024 0.03339635953307152
238.73330968176407 23.811508612870355 0.04503960907459259
167.2719157688928 -14.884182534639194 0.02573784440755844
122.29551241779089 8.902506253969758 0.05223873257637024
192.11978441901215 42.29768253455795 0.05367071554064751
167.89701140208797 43.95076367987989 0.05280978977680206
120.54743005988792 52.11582386082132 0.043303653597831726
175.44862931956825 9.565125985002446 0.028970200568437576
168.0516268657235 9.833283001019733 0.04694162681698799
121.00577564838166 24.54550024230315 0.043926749378442764
176.23498009290347 49.72528948525506 0.0319848470389843
337.11138257918236 0.5988769461214406 0.0372295156121254
347.2638130526248 18.17671658039711 0.005697283428162336
39.71418768498882 0.5087027615537791 0.04718276485800743
126.29261057005722 37.98882658156746 0.02136538363993168
238.7609396769481 10.93700363568215 0.040545955300331116
182.40874401807028 58.040690970469875 0.04799957200884819
243.7502225690812 27.686992938007254 0.05137265846133232
348.91569366325695 6.708285528897407 0.012315205298364162
203.80652980431583 -2.070608059681015 0.05387333035469055
42.683117255599036 0.9464321403127619 0.04412466287612915
142.63032012160164 39.297272147424884 0.04599229618906975
195.3165589790009 5.080666003569549 0.045113470405340195
170.36413061992823 57.768510689705806 0.0063988519832491875
223.44472342311892 20.11596675351753 0.03096473403275013
193.84405396037383 28.467898564538586 0.023418275639414787
181.28529414040847 2.3457559417489695 0.018961550667881966
185.78063600521406 -1.5565525057394098 0.04930084943771362
40.42788341481847 44.07798673342111 0.018686288967728615
132.15988396858262 39.38257410681341 0.030291806906461716
33.565413062040314 -8.490486963704706 0.03376299887895584
250.3570493297816 40.49891168786406 0.03183479979634285
178.67950006954308 33.536828103465346 0.031938329339027405
222.15038776524653 19.951583244893982 0.04414409026503563
349.75002825131276 0.23561848957589782 0.054037466645240784
184.12154988183138 14.012307349492072 0.025639036670327187
198.98191943053786 8.805361231966655 0.05050814524292946
168.4444754839297 55.721835934488126 0.027616821229457855
18.158396388727315 15.551063884450867 0.04287472367286682
24.475897927909802 20.4155230403293 0.03516438230872154
237.667139023279 24.67304316160079 0.02364916354417801
208.98498622287528 8.045734151291748 0.043955910950899124
240.93533261304538 52.40355484507692 0.04317964240908623
162.05127642345568 45.5952968423619 0.05009261518716812
169.25162036776433 29.14062133727018 0.04662183299660683
139.1222594730832 17.177954302670372 0.05114138498902321
181.58563194494286 10.099272573027104 0.051288869231939316
158.75358110978752 26.103789235700635 0.05248043313622475
130.8157899890421 45.43088236776972 0.037844665348529816
189.58626406595542 1.2850542023232525 0.043348271399736404
184.83802701484686 4.7735091770616185 0.006888986099511385
26.27530223277429 -17.408050637659667 0.041578829288482666
199.86139294400797 43.766432612280326 0.03495153784751892
120.25285866054668 42.105323252655005 0.030486810952425003
186.90543657245954 14.456302461555941 0.004153253976255655
182.3792372156102 66.1185092513151 0.04066626355051994
339.8883402435151 -6.584712947012428 0.023746464401483536
173.08040804557086 34.95280021311914 0.021309584379196167
349.470944068463 9.433360443908398 0.04306318983435631
169.45959156887363 0.6161920501368727 0.024800527840852737
169.78934079655096 3.4471613782074026 0.04830560088157654
234.176286947632 9.02528921584489 0.03331954404711723
145.48995017676003 13.368023683106477 0.03941658139228821
160.06289980072023 23.126094361787146 0.04593966156244278
176.16804270864168 28.58164309484013 0.050622083246707916
133.07668156436787 20.907872867311447 0.029138199985027313
213.18561753818815 27.098892246621713 0.05379393324255943
248.08642017719055 -10.539361153796696 0.028759939596056938
0.88385682975367 -10.744688152053893 0.029573436826467514
233.83996808242932 32.21677022029117 0.03671075776219368
155.92959163521593 12.715565156429953 0.03061789460480213
242.85222386362875 23.67453390129028 0.03203472122550011
179.2546405160331 21.166631492462326 0.02210478112101555
254.89831274236116 27.187164126139013 0.05030183121562004
217.3386596064374 10.699338810239546 0.049617841839790344
234.31855491832528 29.99449282394187 0.03567156940698624
182.4017874939035 47.62731968002077 0.05084261670708656
222.06619725263087 26.28465717356592 0.05165871977806091
184.92579352464483 43.8697162423229 0.03808370977640152
345.06194460174333 1.1921502334392247 0.05399320647120476
53.13773275089036 1.2241578873403582 0.03097858838737011
173.5213217261512 16.91523732820144 0.03670908510684967
262.8130774580315 25.772533092627 0.020000534132122993
307.3625400243589 -21.214031093619383 0.03723248094320297
337.21512659230274 1.8983230426454383 0.03618842363357544
324.1271108036262 -0.04026034374298852 0.026464736089110374
179.85632149855778 57.06916164627175 0.0027689235284924507
254.57066928069997 18.457299159617563 0.05463184416294098
153.161627289017 -2.8336672088266153 0.043500158935785294
347.1303850508547 13.775776780560935 0.035841204226017
11.457602244675732 -10.889666805396988 0.036833666265010834
172.39505242266117 -8.940523916457195 0.02199525013566017
351.0655901300315 16.78513936967687 0.04138202592730522
252.1563327605843 36.14842175092254 0.052196942269802094
135.80276102051738 -0.7529844320073527 0.048306602984666824
185.79033131203968 14.844825363423544 0.04227830842137337
129.60041078382224 19.59528394221092 0.015031112357974052
159.72203998108066 34.60439600530062 0.022186892107129097
38.51396026132696 -8.109103485351635 0.019114723429083824
209.89145066754168 29.91342133619267 0.041553985327482224
196.37730865625065 32.067278934070025 0.029795384034514427
116.46513617815995 18.165310375933068 0.050725631415843964
209.17559400213415 18.577072598066643 0.026450222358107567
230.14340475143064 26.123627636645402 0.033564500510692596
31.332830993895264 13.258501246595255 0.026965104043483734
190.4987981898551 52.91194062495435 0.0541352704167366
166.14874491979668 29.519621186877604 0.030270297080278397
205.68769270855762 30.311694367106927 0.04299811273813248
187.19272649738625 46.52061163597243 0.0251420009881258
177.64070208209864 -2.9090389453815266 0.027429018169641495
42.78525169057176 -1.0233214070517982 0.03780948743224144
154.83604704310412 14.71898841742185 0.04626096040010452
119.61633287895205 21.913967367023805 0.03498607128858566
223.93546108992362 63.119829472157534 0.04270366579294205
171.28538279725257 14.926904616110134 0.028047075495123863
245.25092231389962 34.76404458157731 0.03316989913582802
227.4703260848891 6.401012252628027 0.02992444671690464
186.54044755266034 28.465300510565218 0.004055846948176622
248.77960244421374 39.825405480048204 0.029635757207870483
65.6259642097215 -8.068121223874192 0.038480013608932495
122.91503548789846 16.389829314788514 0.02894992008805275
199.69011840140612 12.339195131446646 0.03669255971908569
7.858539761590013 6.206747686220827 0.006954822223633528
223.775162238425 16.256961572398396 0.04617998003959656
54.122911564808064 -5.731014744732669 0.022121893242001534
121.27474790192394 9.456451645378758 0.030207719653844833
223.1581743126404 9.309809578556957 0.054730795323848724
54.983244025729455 -6.541374404448991 0.03123938851058483
261.11388267112227 29.39023861574702 0.022929230704903603
182.32941444304487 17.450287161621734 0.04403894022107124
195.15770375668782 8.69726577641949 0.0244769137352705
308.67635833240723 7.98950425826868 0.02666849084198475
202.19357856671363 12.383445021764576 0.04608732834458351
240.21454140816795 15.151239627420189 0.03396976739168167
343.9081409796596 -9.272678394850509 0.022076230496168137
160.35703116616446 31.655263058140143 0.03501034900546074
197.87345886148788 6.326183622467335 0.049387376755476
195.09734779469093 59.26359972663028 0.04414789378643036
154.29906326594502 3.6200190766464715 0.04698546975851059
318.9400614313409 2.591483159845356 0.04900063946843147
191.08510764122215 -3.7049264769162567 0.04900063946843147
199.91394220259434 26.788063013644905 0.032485924661159515
240.85054328521966 49.45294098402148 0.04589018225669861
26.239116745562363 1.2490486978045672 0.042561888694763184
197.42776998700634 6.216895854030068 0.04265464469790459
215.83562200854388 22.926735165088836 0.04817597195506096
192.18876423506322 9.091329163224822 0.04588202014565468
118.94013462526047 14.175504951105614 0.05083228647708893
225.19121004845724 24.957231096574255 0.03367543965578079
171.83805019431952 50.276004050624095 0.005554919596761465
162.09170391859303 -1.1307402296157774 0.05139897018671036
137.26717819332532 41.84255174820846 0.046010613441467285
210.72414278900675 36.99555503815642 0.017202293500304222
218.86478385996315 32.14821691860771 0.03431801497936249
18.258114286143552 -0.14186172066489686 0.04394640401005745
161.86095935634467 3.153531225833879 0.04388485848903656
138.06005149465705 14.953600570561187 0.02964705042541027
146.70593886997034 17.0371586107137 0.01494680717587471
195.79778970779847 48.78537507966985 0.01607176661491394
49.4063838802325 0.8152073041046248 0.024090826511383057
137.37750681761617 45.95235976248299 0.026985377073287964
133.6439229074657 0.4850364275344231 0.05317194014787674
176.38147669719217 39.58721498352972 0.0490434467792511
248.63527093075567 11.868107206894791 0.051170699298381805
194.64239669957726 5.79531480154634 0.03865543752908707
154.40018442443832 31.551099380306127 0.03262917697429657
53.37283459080375 -7.552414232838132 0.0172430332750082
337.84906928719164 0.1512590919929309 0.0494975782930851
10.045064825471828 22.71581816330403 0.01948350854218006
218.80279459320428 -1.958727667569843 0.05414249002933502
217.08660020841964 16.71690506901023 0.05475323647260666
21.48076224471692 1.2422886142574057 0.04399120435118675
200.54305629580648 43.43309795000286 0.05169447138905525
242.15690197577766 20.43425330453119 0.053229574114084244
178.74156171454095 44.559744212218824 0.0025811688974499702
150.9429887324521 52.01634944286619 0.04605178162455559
39.991548604114094 28.325448287818954 0.036468617618083954
244.05560684228516 20.455414232617887 0.036599595099687576
220.210914708725 3.4672111453913934 0.02619161084294319
221.802519305195 18.859108925471254 0.042387593537569046
14.197600821481565 -0.9200626456206837 0.04179580137133598
125.50794999569914 4.392612248266198 0.014169823378324509
170.35502162550364 46.28921745200056 0.024427831172943115
318.02643078898336 11.345154015866367 0.016743216663599014
184.7954490100535 14.536772548949939 0.04112754762172699
116.43111709880331 32.103012707880296 0.02714896947145462
241.63982559051226 16.376912553847294 0.044530391693115234
228.67485527555888 25.717244615178256 0.022744329646229744
145.52003739043064 48.09103666348934 0.025811228901147842
203.42071328327182 16.968436484856333 0.05043484643101692
231.6807884596238 21.438703250789633 0.029975950717926025
309.83146643084336 -5.472149785851054 0.05401678383350372
37.82080984366843 0.7254816894229967 0.02190852351486683
192.65757804105277 43.75550055510014 0.03900037333369255
231.65997328601387 6.313775500269143 0.04264559596776962
179.60656396499587 16.831817379031715 0.05109137296676636
16.989215563944086 33.30291739930991 0.01403973437845707
205.49342064369017 5.032294767097308 0.024568578228354454
282.2905081951683 18.10623595680376 0.01609782874584198
129.65628071663662 61.44403072494006 0.011528845876455307
151.0973299684893 39.12532540186762 0.04176872968673706
27.436959606318954 22.375228983015738 0.009890190325677395
218.82159917247102 12.168771862536133 0.04901934042572975
174.43347498940727 0.5028849999942001 0.02659844234585762
144.1044857443947 43.84761460967464 0.0148775614798069
186.01251047895562 21.75954891816337 0.032426461577415466
167.52838301488904 25.298787293751886 0.03312954306602478
216.61898493212666 15.578782250635543 0.04556926712393761
180.98450765464688 20.217857742452896 0.021338943392038345
0.7289611844380656 24.65458414543657 0.03819981962442398
212.324856115655 6.808796814804092 0.03579578548669815
227.53689195541685 31.88783263617669 0.030490264296531677
179.64385374957723 57.53620650446268 0.053266625851392746
218.11359731148272 49.90458604453224 0.007948844693601131
125.47768165835899 46.891486537295215 0.030748818069696426
169.2549596733119 57.125719002698546 0.05136881396174431
134.0849282459777 62.27347833757019 0.027648305520415306
168.25718986989932 28.750413258465237 0.028603501617908478
227.86378916677944 41.08999526858977 0.030760878697037697
170.9615049878052 47.188466053904435 0.053579919040203094
169.04694333652336 29.173228231073438 0.044069625437259674
177.98396277938502 -2.642497221780171 0.012928123585879803
212.94460782660877 57.43587680425922 0.05125734210014343
136.41286112520314 33.00684950541489 0.04918009415268898
348.9478998631386 10.113536715558029 0.039674174040555954
186.12031500229236 14.98701144387717 0.03089947998523712
218.43274052815894 0.9873133710134007 0.050502654165029526
247.42990147653848 6.308926815516489 0.052556440234184265
185.58147050617904 14.760753039842294 0.0032770868856459856
196.78624127379 29.83780581220804 0.05462965369224548
227.1502698980102 37.6658625252719 0.02847965620458126
173.03787273786756 50.76563511937946 0.048555515706539154
277.6487601621425 42.69276289986987 0.018699631094932556
46.42520173698319 -1.0459549367363485 0.045424774289131165
253.2517664392542 34.923055156884125 0.029689915478229523
184.03552120439397 36.29231100042261 0.011965092271566391
195.28360585476537 17.770640672932533 0.018762441352009773
176.22810899025725 20.017143062207666 0.025504348799586296
159.6803395231978 56.55417555659215 0.014489574357867241
125.25564158129106 38.69722530806746 0.02935182861983776
259.7992316999671 26.92199852535064 -0.0003481564053799957
141.45421843076906 38.257705986996946 0.026914943009614944
215.82318209042145 41.775008324786995 0.0022115332540124655
256.4570225041584 24.611788126653945 0.041944991797208786
182.43075149336502 -3.7515417417619146 0.03070128709077835
349.4040196419775 -6.762885684657707 0.024103378877043724
133.6696893048858 42.526399240044064 0.030447347089648247
137.07906245566983 50.89568231258257 0.038142129778862
152.22499310365478 62.402294891714504 0.05305575206875801
159.18529139561298 31.55006416268539 0.002028757706284523
148.38373693979398 55.6944377790499 0.046277329325675964
171.29756981431737 32.258813600242334 0.04410391300916672
353.0198788752679 -2.378603604974877 0.033493220806121826
227.29700649511105 20.991498239255616 0.04329821467399597
210.99767620345565 -10.621898969649992 0.037092383950948715
196.20170302876005 3.801399098894253 0.039929959923028946
184.5595745981191 59.89347028817255 0.04396327584981918
113.54470322679151 37.57434403095864 0.04532516747713089
41.8685753567067 -0.2681970699570948 0.021976538002490997
135.30231191363424 54.99034558135078 0.04624686390161514
247.78361477737022 47.783782615530924 0.0290032047778368
139.42404185915612 44.0382322152114 0.039981041103601456
209.0097500777861 17.168496186047243 0.022149698808789253
125.55656149983409 4.1977121187120625 0.012915095314383507
241.68227910444608 18.25332776740461 0.03870350122451782
187.53819032092505 65.32126003109306 0.03861357271671295
179.5787391827534 24.371736162327984 0.035817909985780716
186.51433234983324 28.511012124721912 0.049901243299245834
149.44906798461992 15.125598613735555 0.012131673283874989
246.84410191924 11.467159863739237 0.01617632992565632
49.70841484890997 0.836583717916215 0.051076922565698624
151.92117516118637 30.14521663800789 0.028049902990460396
30.993675933907546 26.269666693164776 0.016878368332982063
247.3188023106953 35.41568747667928 0.034019939601421356
229.3847308025526 4.501585767519356 0.035492174327373505
258.2204034901143 35.09315842043895 0.025477664545178413
337.16124008632755 -1.0309309626515673 0.04038039594888687
119.23742997308267 45.70413535381089 0.054749809205532074
182.85561401752446 27.83045543782783 0.04822453111410141
165.49821173892684 4.539340300702455 0.038362424820661545
27.71554431802015 33.09236340804804 0.03799634426832199
114.7572671649311 24.499967455328505 0.02750972844660282
47.11881731442521 0.38756536169397005 0.042778871953487396
172.13785503138504 21.715616983604125 0.03368660807609558
197.7978506062743 36.680706170439976 0.003442386630922556
229.59994963945624 18.5293049860016 0.04383485019207001
140.01502394257892 55.93123767426021 0.045643094927072525
237.39455630711984 17.72749141575229 0.030416302382946014
166.83319021937436 2.8876571879487343 0.03955010324716568
165.28674256265924 10.727925440423325 0.032183654606342316
172.84359432232287 67.32573815736757 0.05475136265158653
347.2143534235976 11.993214099475152 0.016171211376786232
212.24771567522478 37.382687673524536 0.035626038908958435
340.24153877564737 -7.056789641129612 0.041288625448942184
232.48934184998797 7.447428035810978 0.044657718390226364
211.84002957854713 18.038351416647373 0.02406463585793972
176.98612713365767 28.068955018507815 0.02960154600441456
121.6018620450783 53.53948071511833 0.04944164305925369
225.29523446123852 10.384540976243926 0.05417348071932793
149.3863997261422 4.46868267410805 0.03351335600018501
165.72826421425935 35.23918065950898 0.03157144412398338
230.84480506701192 13.438642491422966 0.04378681257367134
165.3016695546335 9.76483650593917 0.03091035783290863
226.52431316316444 25.1898006668381 0.03349226340651512
176.24410715989166 20.382354762257982 0.01884973607957363
238.3995849937112 49.63225056085471 0.03462977334856987
179.2281281832803 34.42245663229607 0.030796779319643974
212.72926009537406 38.78595000536723 0.025800634175539017
165.2812937081428 18.519528965148776 0.03563699498772621
233.25530165581446 4.569751470061871 0.040868572890758514
26.85633963295082 16.346639166681065 0.016331322491168976
259.15599830084363 58.411921137734204 0.02961614727973938
18.523725207456735 -0.9464136221394365 0.033563584089279175
240.05400019865152 20.23460637203715 0.04773569852113724
13.975181551247733 -10.042822989215196 0.049419328570365906
156.94453698323466 42.091493847756865 0.03452973812818527
240.68768269327958 25.252189309069003 0.04811379685997963
173.92436891199642 73.45193075002499 0.04169891029596329
198.69557627309672 60.317585969474855 0.0448412150144577
222.60432401224324 -1.1740418281285363 0.0428057461977005
178.71124772607783 49.485991816603395 0.053585123270750046
187.8879608004 23.93290244370376 0.05215384066104889
242.363574535542 15.698251568253445 0.04591509327292442
158.12907215788826 14.651914386236097 0.010540641844272614
164.66651684973883 17.878634556618522 0.05201683193445206
154.81349793580344 -3.39745831190618 0.047126006335020065
196.8774468007218 52.79117519332444 0.05462102219462395
167.4867655047115 62.32211849927634 0.032736532390117645
35.97349918337516 -7.352499691131644 0.031772028654813766
224.93958932327683 44.31364002457828 0.018680574372410774
266.2100948739511 61.49539232809054 0.03649863973259926
182.86338425873288 42.556509436494906 0.05298929288983345
193.4933267023503 8.795448058206354 0.04069019481539726
213.24503805983989 24.609939952556697 0.052377261221408844
5.913678966541775 15.067345946192892 0.017673056572675705
230.63497951579234 36.485903302348504 0.03226650878787041
151.49109833171218 8.85348918701236 0.031137939542531967
222.85480935955172 7.225806608610824 0.03582194447517395
169.6497876631252 12.74365750101766 0.019985845312476158
217.75865519785066 36.119798208823426 0.029956812039017677
244.54028908859763 21.56027039313026 0.03419243544340134
245.45276552115536 47.613829527097685 0.018999839201569557
155.70466605216794 12.822122722125291 0.05312184616923332
135.01755868026197 48.62813788360479 0.009836160577833652
214.74542532059522 52.02812706605156 0.04597299173474312
156.6811462662234 1.0061501452932533 0.021645864471793175
180.39785961426057 20.78098293287471 0.022128647193312645
192.8138514406709 62.22337242204409 0.03696350380778313
174.86180274337394 3.4711569418723944 0.019080331549048424
210.8843541986181 -0.009365381069298004 0.04605669155716896
16.174246355565714 -8.001150400653142 0.04209918901324272
127.85110751743453 -4.036004024915924 0.03029433824121952
142.56926793059714 21.36412843904187 0.05125812441110611
170.579463253243 -8.261480485231647 0.0543910451233387
41.18496816968259 -0.8463698407742809 0.054948966950178146
154.88687971356535 -3.3375139799289237 0.049984656274318695
171.6218128032923 27.44769689894978 0.03342507407069206
198.37688230940208 3.3620208466115638 0.019958844408392906
149.62946145289308 13.521232649058845 0.035500019788742065
119.03254939526713 54.204343965825466 0.024390636011958122
158.1941899316764 28.920347957008502 0.006018116604536772
236.9843423954003 44.96270666044792 0.03823547810316086
315.767633648969 0.2663190299676052 0.05170491337776184
181.76574358060935 42.984714954871556 0.023574072867631912
139.8443160328001 14.082429415389841 0.004946763161569834
123.62672691932872 45.871087072682066 0.047808561474084854
177.00704083315654 4.144307370359569 0.04095185548067093
261.9696153419611 60.186002074985 0.027442004531621933
163.73040964465224 17.708116610472885 0.041908636689186096
10.097796300425284 14.61368112807365 0.03838872164487839
242.92533634657607 5.304357014286164 0.05125780776143074
159.3978869285999 22.727617502628448 0.04655331000685692
163.99878648098365 -1.6677468839198106 0.038766879588365555
26.109469867013065 -9.349932483520302 0.05236933007836342
18.791017975790744 0.003979744067154435 0.047353267669677734
340.993895054472 0.6738330098669143 0.039480794221162796
226.59927064784725 5.379357321614282 0.03642367944121361
255.50687881504257 -9.672927810826522 0.03841330111026764
180.75238256691307 54.87138728067009 0.04969201982021332
191.68236593732468 54.03730020010393 0.052082840353250504
137.6477823312112 14.663044023974972 0.027461793273687363
142.24958843473 40.27826196705301 0.027679871767759323
6.785092640131052 0.9333509617360127 0.03893383592367172
21.144855177185736 8.576292586913093 0.04709265008568764
200.00044999386742 53.23417257543329 0.04892554506659508
157.54803733087314 43.44321367436667 0.027664680033922195
16.427983498767045 -7.111733090217683 0.04390043765306473
171.94149991800876 6.14417865477607 0.031649697571992874
208.38237609891297 25.070157054627792 0.05498145520687103
135.55893818404374 3.6127853875017344 0.052919868379831314
211.97519399545848 53.9060043420267 0.041467975825071335
235.3874534378025 17.733570622196954 0.03728225827217102
172.10244200199375 53.630392791017634 0.04661334306001663
320.2981644068783 10.676388126027772 0.04585932940244675
144.83993592682637 39.612317904508714 0.04491276293992996
182.42616770050913 54.390394404577584 0.05254656448960304
185.0781965473553 8.533036106257319 0.014783583581447601
46.22702526282052 -0.8672855699538018 0.0448739156126976
131.72621375913002 2.5600678177515306 0.028665991500020027
218.43794317824361 25.538011087500678 0.0377664715051651
203.89621907932948 -3.148114421651976 0.0495128333568573
305.3603477778657 7.271950684953713 0.046348802745342255
10.984003708342604 1.850364208731112 0.015213881619274616
353.8091389775954 -0.4157382690371833 0.04704638198018074
152.63235748460662 38.472539826230836 0.05205482989549637
151.7143720870676 37.24792233668302 0.0336686372756958
148.50926987857983 10.608250953520347 0.03984372690320015
26.122263837920002 0.09659701190935362 0.04396088793873787
10.808871606107772 -9.172456955023343 0.05008472502231598
159.0613220683231 52.94728945438145 0.046535592526197433
228.3558755319579 39.54388993116548 0.05343978479504585
141.0961799008018 33.7294586213948 0.04309030622243881
198.37277458648944 21.843598188951386 0.02276609279215336
20.244411315212936 25.548574570674596 0.028920050710439682
209.66377659163524 11.076462803551813 0.02293090708553791
351.0603563332363 14.80119686242989 0.04209517315030098
163.18615273103399 43.91228304300524 0.011091622523963451
174.31407745389743 30.1604179985645 0.03207557275891304
200.8403895477703 55.2788455476556 0.038563527166843414
265.8707294474825 49.098066356111325 0.01911325193941593
207.4333321957313 23.97530355061941 0.03659486398100853
198.337442618798 6.061292412203756 0.02351147122681141
229.05562437436976 10.803931130554332 0.03441927209496498
194.86597980487338 29.820255362895704 0.04452681168913841
213.7307351566477 16.946841995341835 0.0444507859647274
126.93428565392023 22.481547865505803 0.04316993057727814
218.8412322125665 -4.48350884884172 0.04537812992930412
170.74654253160477 34.292320929248746 0.04294578358530998
171.06569908932076 2.881591623912333 0.03308945521712303
223.33671800109502 20.053981283530018 0.03153187781572342
148.44968117141383 10.239093977444 0.0536411888897419
159.24782278842815 60.01581326497365 0.028193896636366844
244.21916591286953 14.556644161036134 0.054625146090984344
140.57666433264265 65.31882044113419 0.037518832832574844
160.6904852124959 34.4601866379232 0.0020981214474886656
195.0731508146472 27.78441335646804 0.023249899968504906
186.1306708532602 31.247632397740134 0.02844274416565895
331.2930289564799 0.33696774770760285 0.043015990406274796
189.0404948098984 17.053399061723557 0.027034154161810875
205.11110386050817 16.966448433555772 0.02639586664736271
193.63441059652564 1.1082368532099387 0.00980012770742178
354.7159691032362 1.7892371052025768 0.02855980210006237
266.718426864678 57.06767702785823 0.028446389362215996
319.61731469763095 -0.6106529535783268 0.05121290311217308
345.6379577308669 32.59429039303224 0.01991380751132965
240.82764817147915 15.91830487237605 0.04194061458110809
177.8837109962344 27.64683402074034 0.02878747507929802
173.24521595628988 19.36207606124417 0.04270552843809128
130.67399926482966 52.74636844248153 0.04482295364141464
147.81643212032114 47.612198272636405 0.02463102526962757
237.0659912054161 26.2066476951576 0.02297884412109852
199.9075480007627 40.38611209030803 0.023765219375491142
206.77485842562834 28.609080075581353 0.050799041986465454
346.28184535943643 0.8262395624908572 0.04218989983201027
240.62067912231112 5.1542018610719085 0.037462957203388214
248.33619407293546 34.807182717679524 0.0351128987967968
135.94238856498032 22.826112660931273 0.036083340644836426
358.70491411891703 -10.933238230368227 0.04521168768405914
128.89650064247633 28.154419628026822 0.03646364063024521
224.66125218748283 8.07324559987896 0.03690158575773239
120.84372075719314 39.964334121676366 0.04037511348724365
197.54315387173827 9.974589043730006 0.054527152329683304
255.11961003536356 28.02579179609111 0.03583070635795593
184.60421558591307 44.307230325774235 0.03861841559410095
45.41277502440247 -1.1969014869164314 0.008871547877788544
176.14795339604646 37.182987376979966 0.04191577434539795
332.6951326992308 -0.06149871867551925 0.05271882191300392
170.99433203264604 11.464604897287344 0.05044207349419594
177.33072795367963 2.793759419517827 0.04597014561295509
246.7667909520834 24.093264077678487 0.05124112218618393
255.80022976632523 34.601480176640635 0.037229400128126144
173.255094293985 22.504542660877185 0.03853673115372658
214.61903621983836 18.970614418403926 0.054994165897369385
178.4829425424557 20.18211278110389 0.050717685371637344
231.50946843125433 38.51748072774996 0.03358020260930061
148.89062199648032 37.587299520930785 0.02312869019806385
335.82547434665656 -7.854953963140657 0.037444524466991425
239.02194135906257 42.12696328694024 0.045269325375556946
147.12103887164113 34.81735333517401 0.03819308429956436
140.09227618697966 0.822337536425958 0.01782509870827198
220.22332599923246 19.02380684046859 0.03047345206141472
176.67281864643556 -2.067954341067822 0.0321774035692215
176.18130829174984 11.207487161635788 0.009834647178649902
177.37832953999578 67.55434143681735 0.04879577085375786
359.57987087940535 0.8968147990772292 0.024712340906262398
176.19708165259053 20.213130772732555 0.022345492616295815
164.5332201671609 -0.7934800205046305 0.038411449640989304
241.45843209480583 17.479719614907136 0.034129004925489426
353.3651984931624 19.446923389604557 0.05137895792722702
188.84778171511775 1.8445182483194928 0.028996771201491356
149.31868597257673 38.501358808527655 0.026954013854265213
130.68726918261427 35.75771393661331 0.00973642896860838
248.32090582470312 21.681617428235008 0.03481096029281616
330.77787754898594 11.199318712290712 0.02932366356253624
179.00217040363088 49.8301114404038 0.0532761886715889
175.04603549181067 30.029075394022936 0.03280247002840042
346.90620503901016 15.743938381908382 0.03659870848059654
217.58311757620743 3.091416394100517 0.031226566061377525
153.51159979640587 29.640518265086403 0.05010140314698219
172.93709233596903 37.464741307296414 0.021486004814505577
138.96680061367363 48.68893677576145 0.00926226656883955
208.2217460459668 14.742174507780298 0.04056129232048988
162.8357132555778 65.68186773727572 0.010756932199001312
241.5813844711841 16.431423831173674 0.033824410289525986
234.05177644510272 43.87191936889275 0.03400024026632309
231.41910790404341 33.223893146368255 0.03109750524163246
202.4680184287243 17.66494617850775 0.05430879443883896
164.92663138400047 23.387935810454184 0.021189061924815178
202.92685391705783 7.475333404469963 0.02219485677778721
216.97566562403432 11.487044165288566 0.024622896686196327
195.80678425066432 4.593598633648456 0.039534203708171844
234.33627353960077 23.946092008191144 0.05225769057869911
128.21682407469604 18.45927731839357 0.029072612524032593
